187963511905957032496673060887937487554984229078493138918541022835086367184745895818554585447196930509616111836853753260968581277140346887452611933974540707283545816104194189761941

189135760704621254954534331231746776172335500522127216816661188423090530135247353886396558499965202262905051530702960927548313222172169452274060624547309958201697098918629835015951

478254785946326227704678222827062693545529006701630891499187940771815892617750182819706027745867279090826596831407410522443062451594020849239091480551507107615810109414599808399037

680789036948285464314136078917879873383086225402685858540421332732489968136195714126107735936109437543069319475650604378020517715912158237825163570352478096595669560894577994423227

790043593525884446601260700112520105861305248175371893062557625026204699778617199102474064925434330773720843353556565474403954112122335004466610782131810392328245246277915301659577

366683660428807459177331482947108189927122240041400333527679119020269636298186420363464933270848681649265582046451184873432031760497336037805125519361955455363895078460622475654319

100217938189218987270754235250185629680867845110511099647949060849527237398051995274901222051019059919888647714075297052181302293697137427041281538253138015122033504718778562757287

621379903009992678093668106928836110447058884444516146332524549166497703608480588917621000604427187601029206192406561149115659805342767159567655298796218561985697762910604599478011

435010154607565801574868581553179640368652994974629246052231937706071270451240026155431934968597063702193798613855439792457856445789356041149767888340237830918220223783003293822057

546259003514212725418360349115638021142072108933130989852400070962331759711935370008868599437670949825574166462074002577278259394701412688173616485844763131687409433169433883914053

133622127639061150837094566160967563370775560554501031462907872257013960605360330026063973156012271222546212121153498715350161656862215327567036797153630471639903341624373552218453

849730502557981687170015018462131298798061776357525550366112462802197867881866977278809897817615669410754942480648916252344904368268837678796056596194591950862059876836316820201973

955034514847864263923398668887935163005698827418224228620742868554934083656166640055828719430805907565940455827646154458041309067850082366170020946496247928742055637075752963799353

402059162440722572920097603258432723413288211725451695051262652907150495894000967506414397388498277397361644007145865767372622407711314277789833054635161221325756034077217665686671

561031483976728205548875007076304421209538283359089036557362932956274814574123010578209323525122683932028114554617054055104306855203508375070440048855784751101359584622676777193877

884991495259530331297760984064546494869001268497443683943453220338750352983870597494947651767058696832735289876678187943268157157758971104994793189792987980133651359604151782503517

605779442389873794447146825982418584036939967079017826780121990011373496518958851115627864176277850870947995361619743626403344241082216290015215097474087548921609274199869283421259

175104952905302268135959969459378092700353549038672298019518142379880460151028264042866472895919050379457309726529037467580960314687255491229988478126488778858628238584696211945083

231853042974625371838592501641822629056311908622807248206404680143603881549483634572927683760747327825932483539490427163753482271061973422796686754164931620695834181818375700399659

802127206279931238380282178705244266229325636372565611196663417240367522912299410527445799360821665867214186112497017732814045846262372249552950263172216736598002028421617117382393

183245183830821926118802084682972935995977305239777293904756863402797364848728698698782779029299174684315416321729083139714428570032672170495524705613154929052728897193330191310199

516521469533097944186084454329553158524231426423494842065626361972114558103562656792285204375691490004264188815375597945232553394129033800228691652488296493910133770274161106378033

946957044974112580446526733140889754681875147596038312744739459526250822734740165807268104278756333845336487196901792221781119974934670749519600729887163742746054369350970098436229

213254348362901062236735344532743571021972998878872730613959271523899282327078797173850407097687250492076815537942851947644446725542531436060577566074026369137670926178475108846789

786477389160824186701000432077592771772548445839602301697255519447325955149616077331120613638035740766830931470244563515364945232028760761222119075148423246833718950666990240729751

846380438575412732499427787240743619365217092089376873307072180316923609019100734846812627506126334782869545411910951125358544315866676682740424559672749545731213017000141769318599

108141839506925870621845896031295224844375688699115691789730513961491956396200549839898778885232165517499025011292634925587138630953988951387643810014494482685800877358015617239141

609667600557412289827982998454202894255106582483415249998252790328616382491316479522695697981760529469240781538744634756835799361322461947164344677701509216137066162070534994791109

776353962987120068374252166484862914264922022338393663681446470758454893187215402685802878849426145866385190787855079002496674210956930374860047825425856290110440610826139954002203

377749676670038795735781400169492016525281150278593004478664940423140844107037356332902295160499772383309758688743976363276096027954937783133190824418202300541839510008308140844101

256621139448868519039776794874920889174314821729559580392889968863630711800889796045843521674335323302848993654617934046204267444007275530853139046668162710272548878196072821508657

181241112137851893453277536144896639990355064836617270804597522370058615606612277373382290965677710687790061551275804268880578980639619307363827774951059917103288870368250089153027

889676770252980776967413552032279188182204867124120943332279248733742659635839577576766730654151607636432618567401832021721311623325604979330414855108374084315782663928655911153579

154704171191712993560211565041774113857019654378613798339760138017107060038947359815144160139836106640526661248916101757190866219834938660164345162043681484815334609720698932163767

352282312687430794576174338245276402787569163832259234401746153850766965594175796537357102851398759664903117813341831581335047616900691476677708798800367581890461928285948402969573

448115465236669364003575546460341888569976758347236711312403153945061001434560945768979230660615277498472474012111189801708916269810846184105151552728386398734339516857038118660697

905343568762412357122583300078880176078422308533660804504762569652711036587268353041350630725669495407215122471932803533072168734099336924090966288406437597174744104349451704559763

335433356471992962461316694362933091986162038950098182495610300694381799204410054976129521649419361216669060668859344669707386322197844975268102684724429855352883257199723662912517

863671550100801444355425034876258430209049059618481211726481164362833183314937282550069518757376200627829706694394233397323747157743059752450961316078138918196393185398403375242573

124574713993789271234441203727099807991763240939478364520593695388668889154488984947621588480435247777592414966656766059906343287716917916465142969498704691304413527756817266830591

364581523713995826257223782938795058759200566178023485086103908671907846289829931930567782979950423553912670279311166177667335905288664215278224878450087262420668338282910957841479

161251410628700080638141293450061776522153820424240676110227935133913662073242908932754786103691655739265012885530669053043359658127695352871589761545698861420978619434791599950119

794616101483824976398610848525465637956696973197476385885378273919488132667440403533686776670759756481447237098292917762882797221318784647969685741101162234330364329809467877852133

705310749862648319010482539885127541517234527876864231169983572709381222310624262006944379224250234537519390869559247850757304337151155396669032216023188287236806492093878518353651

858972262553315429377605401907410436447822713635587970329709090666515607041894834111028346183466060447988282190085433031547000389327809901819816118886463549382217038909685040969879

134257869798417599691976694160566603999367695525202826275610776603913789545443040394078255687468182487552562041737376788665372363429834592619405551872284571221781658533440826823383

227438534299909997001860796834185218795086279590980663695011836732992233822504344793865094367662623393200005196485636441609929532859854303001879259404562744297444284105515721397197

248902791060915023786308054000726826584694699941269973062086975914666741885215073164748543316966657601615213980164871319572879228905842698331177920153914404060423793773097626696721

105934869963075198941295245645940758254727621420907621695571686753090000683312458251938569018767677779888356997095383856137263861322504850669512374427141230732853917290293541809261

642591805142343861235859478312778172690385793383171263989590286639691028428177052515695576813875079447284562882635798804652957283541653742835449376843053904311941777673459551619349

195028256996253816466872149819095126294985070078550114410276678989440881244547691331859947801158188649882689663328150565455862483122731519276250285722634038838407821788460176834253

119734942477758760341030046916277933464665525405686855850167818960467883667901957499575855547456078154783682020760763085585693678601558882384403886120937533119194197570941698666139

221878493256371990343795284634127437531450346136874577409840974342030639660514539196682293111531289255426788211806582062345623628106074584769763067239819646073931612254234628559733

624070861294169546575380045815410623908080033184273290969797761801466076460901514374830576995148165487543403426590440014092889446348329148455322069540465308826992593565771131226069

840988495358635810072183485741592480484158394585499745215710901733739554041940669105089706645348521192928704156206988560954391677251754139814903025764968416034624643494770199444337

356443995811359600122392006652662315385599922916679972099466643176069528272615177442710658785467699942668434128780322624040213689255710704532820355582885253756106553677852091886611

208784801483040442792320110370294081714097905097647132341749161694080889518010644412783311123773692359246615081794924913865248654123481963132118248882542931345226659286792501274943

621601713709965983192905952883564169741163023240633169828822920802850064212100940273984233474369061314979534545490807438418453760224744010486191784005430763147617581271185266194129

103444765912254843141733354931406757474742696524948359147955705259837256945127973183235937878401100577818524291216141907919381284343041226410007445561301207094393586664423583025323

892129870347759165420687355908735924330409818774890996998495640230941559083930414947903186592859790789369712855780300235588983067332447565703906207273663605366925144801607345326989

173714928505129821759850674577186356303505928370129911033315859362917822549987194913291980472682120925037400934631649537309527595708963641887148954380389330486751140588409770066947

810768513038320833854139987272632966765651956274155351950937267100608906993175715094889246604090982144227648287163213483693429070263642942058219932529436170850022029694425073326727

347171557652552366968651985107457430011154659976888820621149184596585134771122495347041943500243969435080878832217568421200103574232238686179946181699549467463060477671496661081321

672872744324507126006490328497929489700357907376318872079170681818588349157545480359926487131960722934682511092749718562549527132393418379410638588398265647711405893445367261657007

788460520539402227871096635835400491113326740969225794090074569392467791678981909609364089355215191830207840534211833028338014252810771969844362062507338642217181474140149610619257

511158500685092094896813281911964615691407647807674811550214519356441174288722695320428137498615469752870912105559391671696715582631118620962272056301012782528738881133061605633137

761180634792121359052090129548909505189261252410082300901645627769638326505571755104496348127203165278753254701498713683554049698743287217444033159918158881413994279713352815604611

158243049511901919911967745998826476277983685627592414967487543274231263574382956438922969568112331997835436840277461100562473813410050169808054877806935333351977870956872294622031

328664774218833481005824231645957400232441048976684744419605278203953944788405995761480626218082436343341944113377152372831569435941233225549459917384690381979905668783517870063391

676736530149254073566528370509441278457585984935282147853833496081393024700455196084746129703914617682723806329695471186849795052226436975407878935505380021997640622119650838722431

215629972692958042228083760756487355213165361692011263084961467580897500575165296937841895873290861600395131054356933411449802290297619665656033744612859612802315793926427825743541

785546588075729494889299498551796638033513654795751346266802407518760686393275938048956203777758087206590825028611052779325599711330954952475521465024135343374185201442298597140077

125843651295674005916910695248029411589584455187707669983238527470870381649244330834160407675859188107814562324859805379383767887840466579182404300472163210252798119318740135845559

438584740465616072025866013953379756484323589143099645464397049108052580962761642294994072208631996248248829942862482757172339817030890612248068245698775326340064165692030993244613

411333412015069807013453226274411600329310213893518892971384309003316044379759865255624936747900801161162766260908944751633199729368003877415601569538574694225608832012981048095793

421496025607293600362902183890934685342664269157093586834181832870105112708621859237861574546417909901314127052272460796266409228738222557209935049870534467047365577920362836899999

179058698986573617832101233642230224406159081768819468768751868740801589593218228267020891811682689372604182366582375432646590224481164652400581805850307758026500909822012998163211

693636129305474117830253192558482408690330049931987487116255587368062386074072367133787907924275801812794182358655867685910054658279866070564055994317931773620180817821087506141741

600352508904560420155780089426610533490938955753462356927882776570338781553897402113768841597278297197752515902351387040353246409305269218797612060724827294313762323307413559134993

106591677146615263974667605102260613309709515414489620874844414329449530903922565229967066236775818796719769183889769669160359146961337327264104401099554774332785925346229530669963

180354497416586572343759940959280106189398501502775889251048527211028249393252388269995548928311785638311343832515951605837928883195753194877377093041318638294535140568891369971229

861508609447930657759125533528823142805667242603582255674337155724002004934569301462876038143746769446023983231346225256886920251257604183169724953380381897163135967783281796632059

842979651400244036340833651088284527022579011444405230371750185638865906393559767092287575873602620355344632896969279873782884560583063987526136613278194049435772598498171539040141

789727952147747163170088137876136648516011163542934060716905535580525500305569883438763974693668449754556688624849543494548094332390508575685076400651970234715832415039681975138351

124182278700858612980862583887262284172552960268600813475166283643724349688117592023170240011565051463119790326583084768806607062961117255039877062780704541784294493340963671581193

479666869409938833119984904964160129373437355617167970655793006705334766818031805384136551188153435225606332025344792564998895254005201306842537154485517182894811662234635829178157

872846621648597431674588899818730330299315315396098560620102226469905961061613614474440259732407241543227433643751637001163478024612188644727199978885819487083149527168161833203597

192433341527015759159304097045027501051945234789882467186957169678441254408750424986070780006288280440783319464962339725274650283185389497028812579315747274706179661004871709697499

311201401811485543359748080594596807258294045391370923335182849962310577089551110061052941354056901424159047923326868848439020249363146323318358980080324139044720360499952174541703

107962534521681897657992228425164042017605074570970301600122360319371966570701314106181138621547933368790657896943878796108991701748585099603046525445703495082961777139830881849891

926813074659493239998469283165472896106139153100278704388328049042258896191438801810198578083071850055720539412584579715041118549038563590577536650190284093830119347396861227615931

437307685078917538223581175891440950104620069532405219537557321690103204158171035497977629421468605751362553426372214020492414229777524451293493753852640256389711193708975801194959

119634420958794015617426272886793841308421419449683163359401712449482244635965001990114629294814101632074046317839767328500974344668002794567312544664096933121854030886924346686667

492691024125778589516861743681563519633894103146761073121311900940761296499644300236277284728823186774456618993164441974108532857715552016201176087344904469193371808676017774045887

198857625552581743310782381150040750245211981786797434616610634765787970385097921511347231729972592516406116540053099459903461323664059762729912400532333835300552774439127229098303

147807687053744967568111843268312386612302703645201235030404336249321215934505624714294101245542636206234060509240194123284162365303578302751712845212006019121018471009957977443699

569595578201059656897835537706145477304161458246432654155156749406709948207448383535934161366558406265666774913798920324965585601309203177099999770224062732750039165141568765649989

487311742867789823708301411555200892465825566693454752867107850954886612841345436434078788064619845826069989088780268995634043455219270600454901183543345045438098096300376400895361

749514223326309597217126573024296769692101002650497593447120479430354275765106899522422840761759662140245073372195363914490179207745668790528326815720825755020607876884283465601599

657301899335257721664090514300637868913178273940295260928098080749893139157361583347694040011924589390151371941338797334838763306651069512142856673261805867478926789380432586010253

